Sorted Wait Times (S):[4, 6, 1, 2]
Group Sizes (N):[4, 2, 1, 1]
Meal Durations (P):[4, 3, 4, 1]
Occupancy Matrix (O):[[1 1 0 1 1 1 1 0 0 0 0 0 0 0 0 0]
 [1 0 0 1 1 1 1 0 0 0 0 0 0 0 0 0]
 [1 0 0 1 1 1 1 0 0 0 0 0 0 0 0 0]
 [1 1 1 1 1 1 1 0 0 0 0 0 0 0 0 0]
 [1 1 1 1 0 0 0 0 0 0 0 0 0 0 0 0]
 [1 1 1 1 0 0 0 0 0 0 0 0 0 0 0 0]
 [1 1 1 1 1 1 1 0 0 0 0 0 0 0 0 0]
 [1 1 1 1 1 0 0 0 0 0 0 0 0 0 0 0]
 [1 0 1 1 1 0 0 0 0 0 0 0 0 0 0 0]
 [1 1 1 0 0 0 0 0 0 0 0 0 0 0 0 0]]
Allocation Matrix (a):[[[0 0 0 0 0 0 0 0 0 0 0 0 0 0 0 0]
  [0 0 0 0 0 0 0 0 0 0 0 0 0 0 0 0]
  [0 0 0 0 0 0 0 0 0 0 0 0 0 0 0 0]
  [0 0 0 0 0 0 0 0 0 0 0 0 0 0 0 0]
  [0 0 0 0 0 0 0 0 0 0 0 0 0 0 0 0]
  [0 0 0 0 0 0 0 0 0 0 0 0 0 0 0 0]
  [0 0 0 0 0 0 0 0 0 0 0 0 0 0 0 0]
  [0 0 1 1 1 0 0 0 0 0 0 0 0 0 0 0]
  [0 0 1 1 1 0 0 0 0 0 0 0 0 0 0 0]
  [0 0 0 0 0 0 0 0 0 0 0 0 0 0 0 0]]

 [[0 0 0 1 1 1 1 0 0 0 0 0 0 0 0 0]
  [0 0 0 1 1 1 1 0 0 0 0 0 0 0 0 0]
  [0 0 0 1 1 1 1 0 0 0 0 0 0 0 0 0]
  [0 0 0 1 1 1 1 0 0 0 0 0 0 0 0 0]
  [0 0 0 0 0 0 0 0 0 0 0 0 0 0 0 0]
  [0 0 0 0 0 0 0 0 0 0 0 0 0 0 0 0]
  [0 0 0 0 0 0 0 0 0 0 0 0 0 0 0 0]
  [0 0 0 0 0 0 0 0 0 0 0 0 0 0 0 0]
  [0 0 0 0 0 0 0 0 0 0 0 0 0 0 0 0]
  [0 0 0 0 0 0 0 0 0 0 0 0 0 0 0 0]]

 [[0 0 0 0 0 0 0 0 0 0 0 0 0 0 0 0]
  [0 0 0 0 0 0 0 0 0 0 0 0 0 0 0 0]
  [1 0 0 0 0 0 0 0 0 0 0 0 0 0 0 0]
  [0 0 0 0 0 0 0 0 0 0 0 0 0 0 0 0]
  [0 0 0 0 0 0 0 0 0 0 0 0 0 0 0 0]
  [0 0 0 0 0 0 0 0 0 0 0 0 0 0 0 0]
  [0 0 0 0 0 0 0 0 0 0 0 0 0 0 0 0]
  [0 0 0 0 0 0 0 0 0 0 0 0 0 0 0 0]
  [0 0 0 0 0 0 0 0 0 0 0 0 0 0 0 0]
  [0 0 0 0 0 0 0 0 0 0 0 0 0 0 0 0]]

 [[0 0 0 0 0 0 0 0 0 0 0 0 0 0 0 0]
  [0 0 0 0 0 0 0 0 0 0 0 0 0 0 0 0]
  [0 0 0 0 0 0 0 0 0 0 0 0 0 0 0 0]
  [0 0 0 0 0 0 0 0 0 0 0 0 0 0 0 0]
  [0 0 0 0 0 0 0 0 0 0 0 0 0 0 0 0]
  [0 0 0 0 0 0 0 0 0 0 0 0 0 0 0 0]
  [0 0 0 1 1 1 1 0 0 0 0 0 0 0 0 0]
  [0 0 0 0 0 0 0 0 0 0 0 0 0 0 0 0]
  [0 0 0 0 0 0 0 0 0 0 0 0 0 0 0 0]
  [0 0 0 0 0 0 0 0 0 0 0 0 0 0 0 0]]]
Waiting Times:[16, 28, 2, 4]
Total Waiting Time:50
Penalty:32
Objective Value:46.8